314 207
314 208
314 209
313 209
313 210
313 211
312 211
312 212
312 213
311 213
310 213
310 214
309 214
309 215
308 215
307 215
307 216
306 216
305 216
305 217
304 217
303 217
302 217
302 218
301 218
300 218
300 219
299 219
298 219
297 219
297 220
296 220
295 220
294 220
294 221
293 221
292 221
291 221
290 221
290 222
289 222
288 222
287 222
286 222
286 223
285 223
284 223
283 223
282 223
282 224
281 224
280 224
279 224
278 224
278 225
277 225
276 225
275 225
274 225
274 226
273 226
272 226
271 226
270 226
269 226
268 226
268 227
267 227
266 227
265 227
264 227
263 227
263 228
262 228
261 228
260 228
259 228
258 228
258 229
257 229
256 229
255 229
254 229
253 229
252 229
251 229
251 230
250 230
249 230
248 230
247 230
246 230
245 230
244 230
244 231
243 231
242 231
241 231
240 231
239 231
238 231
237 231
236 231
236 232
235 232
234 232
233 232
232 232
231 232
230 232
229 232
228 232
227 232
227 233
226 233
225 233
224 233
223 233
222 233
221 233
220 233
219 233
218 233
217 233
216 233
216 234
215 234
214 234
213 234
212 234
211 234
210 234
209 234
208 234
207 234
206 234
205 234
204 234
203 234
202 234
202 235
201 235
201 234
200 234
200 235
199 235
198 235
197 235
196 235
195 235
194 235
193 235
192 235
191 235
190 235
189 235
188 235
187 235
186 235
185 235
184 235
183 235
182 235
181 235
180 235
179 235
178 235
177 235
176 235
175 235
174 235
173 235
172 235
171 235
170 235
169 235
169 234
168 234
168 235
167 235
167 234
166 234
165 234
164 234
163 234
162 234
161 234
160 234
159 234
158 234
158 233
157 233
156 233
155 233
154 233
153 233
152 233
151 233
151 232
150 232
149 232
148 232
147 232
146 232
146 231
145 231
144 231
143 231
143 230
142 230
141 230
140 230
139 230
139 229
138 229
137 229
136 229
136 228
135 228
134 228
133 228
133 227
132 227
131 227
130 227
130 226
129 226
129 225
128 225
127 225
126 225
126 224
125 224
124 224
124 223
123 223
122 223
122 222
121 222
120 222
120 221
119 221
119 220
118 220
117 220
117 219
116 219
116 218
115 218
115 217
114 217
113 217
113 216
112 216
112 215
112 214
111 214
111 213
110 213
109 213
109 212
108 212
108 211
107 211
107 210
106 210
106 209
105 209
104 209
104 208
103 208
102 208
101 208
100 208
99 208
98 208
97 208
96 208
95 208
94 208
93 208
92 208
91 208
90 208
89 208
89 209
88 209
88 208
87 208
87 209
86 209
85 209
84 209
83 209
82 209
81 209
80 209
80 210
79 210
79 209
78 209
78 210
77 210
76 210
75 210
74 210
73 210
72 210
71 210
71 211
70 211
70 210
69 210
69 211
68 211
67 211
66 211
65 211
64 211
63 211
62 211
61 211
60 211
59 211
58 211
58 212
57 212
56 212
55 212
54 212
53 212
52 212
51 212
50 212
49 212
48 212
47 212
46 212
45 212
45 211
44 211
44 212
43 212
42 212
42 211
41 211
40 211
39 211
38 211
37 211
37 210
36 210
35 210
35 209
34 209
34 210
33 210
32 210
32 209
31 209
30 209
30 208
29 208
29 207
28 207
27 207
27 206
26 206
26 205
25 205
25 204
25 203
24 203
24 202
23 202
23 201
22 201
22 200
22 199
21 199
21 198
21 197
20 197
19 197
19 196
19 195
19 194
19 193
18 193
18 192
18 191
18 190
17 190
17 189
17 188
17 187
17 186
17 185
16 185
16 184
16 183
16 182
17 182
18 182
18 181
17 181
16 181
15 181
15 180
15 179
16 179
17 179
18 179
18 178
17 178
16 178
15 178
15 177
15 176
15 175
15 174
14 174
14 173
14 172
14 171
14 170
14 169
14 168
15 168
15 167
14 167
13 167
13 166
13 165
13 164
14 164
14 163
13 163
13 162
13 161
13 160
14 160
14 159
14 158
13 158
13 157
13 156
13 155
13 154
13 153
13 152
14 152
14 151
14 150
13 150
13 149
13 148
13 147
13 146
13 145
13 144
14 144
14 143
14 142
13 142
13 141
13 140
13 139
14 139
14 138
14 137
14 136
14 135
14 134
15 134
15 133
15 132
15 131
15 130
15 129
15 128
15 127
16 127
16 126
16 125
16 124
16 123
16 122
16 121
17 121
17 120
17 119
18 119
18 118
19 118
19 117
19 116
19 115
19 114
19 113
20 113
20 112
21 112
21 111
21 110
21 109
21 108
22 108
23 108
23 107
24 107
24 106
25 106
25 105
25 104
25 103
26 103
27 103
27 102
28 102
29 102
29 101
30 101
31 101
31 100
32 100
32 99
33 99
33 98
34 98
35 98
36 98
36 97
37 97
38 97
39 97
40 97
41 97
41 96
42 96
43 96
44 96
45 96
46 96
47 96
47 95
48 95
49 95
50 95
50 96
51 96
52 96
53 96
54 96
55 96
56 96
57 96
58 96
59 96
60 96
61 96
61 97
62 97
63 97
64 97
65 97
66 97
67 97
67 98
68 98
69 98
70 98
71 98
72 98
72 99
73 99
74 99
75 99
76 99
77 99
77 100
78 100
79 100
80 100
81 100
81 101
82 101
83 101
84 101
84 102
85 102
86 102
87 102
88 102
89 102
89 103
90 103
91 103
91 104
92 104
93 104
94 104
94 105
95 105
96 105
97 105
97 106
98 106
99 106
99 107
100 107
101 107
101 108
102 108
103 108
104 108
104 109
105 109
106 109
106 110
107 110
108 110
108 111
109 111
110 111
110 112
110 113
111 113
112 113
112 114
113 114
113 115
114 115
115 115
115 116
116 116
116 117
117 117
117 118
118 118
118 119
119 119
120 119
120 120
121 120
121 121
121 122
122 122
122 123
123 123
123 124
124 124
124 125
125 125
125 126
125 127
126 127
126 128
127 128
127 129
127 130
128 130
128 131
128 132
128 133
129 133
129 134
129 135
129 136
129 137
129 138
129 139
129 140
129 141
129 142
128 142
128 143
128 144
127 144
127 145
126 145
126 146
126 147
126 148
125 148
125 149
124 149
124 150
123 150
123 151
123 152
122 152
122 153
121 153
121 154
120 154
120 155
119 155
119 156
118 156
118 157
117 157
117 158
116 158
116 159
115 159
114 159
114 160
113 160
112 160
112 161
111 161
111 162
110 162
109 162
109 163
108 163
107 163
106 163
106 164
105 164
104 164
103 164
102 164
101 164
101 165
100 165
100 164
99 164
99 165
98 165
97 165
96 165
96 164
95 164
95 165
94 165
93 165
93 164
92 164
91 164
91 163
90 163
89 163
88 163
87 163
87 162
86 162
85 162
85 161
84 161
84 160
83 160
83 159
83 158
82 158
82 157
82 156
81 156
81 155
81 154
81 153
81 152
81 151
82 151
82 150
83 150
83 149
84 149
85 149
85 148
86 148
86 147
87 147
87 146
88 146
89 146
89 145
90 145
91 145
91 144
92 144
93 144
94 144
94 143
95 143
95 142
96 142
96 141
96 140
97 140
97 139
97 138
97 137
97 136
96 136
96 135
95 135
95 134
94 134
94 133
94 132
93 132
93 131
92 131
91 131
90 131
90 130
89 130
89 129
88 129
88 130
87 130
87 129
86 129
85 129
85 128
84 128
83 128
82 128
81 128
80 128
80 127
79 127
78 127
77 127
76 127
75 127
74 127
73 127
72 127
71 127
70 127
69 127
68 127
68 128
67 128
66 128
65 128
64 128
63 128
63 129
62 129
61 129
60 129
60 130
59 130
59 131
58 131
57 131
57 132
56 132
56 133
55 133
55 134
54 134
54 135
54 136
54 137
53 137
53 138
52 138
52 139
51 139
51 140
50 140
50 141
50 142
50 143
50 144
49 144
49 145
49 146
49 147
49 148
49 149
48 149
48 150
48 151
48 152
48 153
48 154
48 155
48 156
48 157
48 158
49 158
49 159
49 160
49 161
49 162
50 162
50 163
50 164
50 165
50 166
51 166
51 167
51 168
52 168
52 169
52 170
53 170
53 171
54 171
54 172
55 172
55 173
56 173
56 174
57 174
57 175
57 176
58 176
58 177
59 177
59 178
60 178
60 179
61 179
61 180
62 180
63 180
64 180
65 180
65 181
66 181
67 181
67 182
68 182
69 182
69 183
70 183
71 183
72 183
73 183
73 184
74 184
75 184
76 184
77 184
77 185
78 185
79 185
79 184
80 184
81 184
82 184
83 184
84 184
84 185
85 185
86 185
87 185
87 184
88 184
89 184
90 184
91 184
92 184
93 184
94 184
94 183
95 183
96 183
97 183
98 183
98 182
99 182
100 182
101 182
102 182
103 182
103 181
104 181
105 181
106 181
107 181
107 180
108 180
109 180
110 180
111 180
111 179
112 179
112 178
113 178
114 178
115 178
116 178
116 177
117 177
118 177
118 176
119 176
120 176
120 175
121 175
122 175
122 174
123 174
123 173
124 173
125 173
125 172
126 172
127 172
127 171
128 171
129 171
129 170
130 170
131 170
131 169
132 169
132 168
133 168
133 167
134 167
135 167
135 166
136 166
137 166
137 165
138 165
138 164
139 164
139 163
140 163
141 163
141 162
141 161
142 161
143 161
143 160
144 160
144 159
145 159
145 158
146 158
146 157
147 157
147 156
148 156
148 155
149 155
150 155
150 154
150 153
151 153
151 152
152 152
152 151
153 151
153 150
153 149
154 149
154 148
154 147
155 147
155 146
155 145
156 145
156 144
156 143
156 142
157 142
157 141
157 140
157 139
158 139
158 138
157 138
157 137
157 136
157 135
157 134
157 133
157 132
158 132
158 131
158 130
157 130
157 129
157 128
158 128
158 127
158 126
158 125
158 124
158 123
158 122
158 121
158 120
158 119
158 118
159 118
159 117
159 116
159 115
159 114
160 114
160 113
160 112
160 111
161 111
161 110
161 109
162 109
162 108
162 107
163 107
163 106
163 105
164 105
164 104
164 103
165 103
165 102
166 102
166 101
167 101
167 100
168 100
168 99
168 98
169 98
169 97
170 97
171 97
171 96
171 95
172 95
172 94
173 94
174 94
174 93
175 93
175 92
176 92
177 92
177 91
178 91
178 90
179 90
180 90
180 89
181 89
181 88
182 88
183 88
183 87
184 87
184 86
185 86
185 85
186 85
187 85
187 84
188 84
189 84
189 83
190 83
191 83
191 82
192 82
192 81
193 81
194 81
195 81
195 80
196 80
197 80
198 80
198 79
199 79
199 78
200 78
201 78
201 77
202 77
203 77
203 76
204 76
204 75
204 74
203 74
202 74
202 73
201 73
201 72
200 72
199 72
199 71
198 71
197 71
197 70
196 70
195 70
195 69
194 69
193 69
193 68
192 68
191 68
190 68
190 67
189 67
188 67
188 66
187 66
187 65
186 65
185 65
185 64
184 64
184 63
183 63
182 63
182 62
181 62
180 62
180 61
179 61
179 60
178 60
177 60
177 59
176 59
176 58
175 58
175 57
174 57
173 57
173 56
172 56
172 55
172 54
171 54
170 54
170 53
169 53
169 52
168 52
168 51
167 51
167 50
166 50
166 49
166 48
165 48
164 48
164 47
164 46
164 45
163 45
163 44
162 44
162 43
162 42
161 42
161 41
161 40
160 40
160 39
160 38
160 37
159 37
159 36
159 35
159 34
158 34
158 33
158 32
158 31
158 30
158 29
157 29
157 28
157 27
157 26
157 25
157 24
157 23
157 22
157 21
157 20
157 19
157 18
157 17
157 16
157 15
157 14
157 13
157 12
156 12
156 11
156 10
156 9
156 8
156 7
155 7
155 6
155 5
155 4
155 3
154 3
154 2
154 1
153 1
153 0
152 0
152 359
151 359
151 358
151 357
150 357
150 356
149 356
148 356
148 355
147 355
147 354
147 353
146 353
146 352
145 352
144 352
144 351
143 351
143 350
142 350
142 349
141 349
141 348
140 348
140 347
139 347
139 346
138 346
137 346
137 345
136 345
136 344
135 344
134 344
134 343
133 343
133 342
132 342
132 341
131 341
130 341
130 340
129 340
128 340
128 339
127 339
127 338
126 338
125 338
125 337
124 337
123 337
123 336
122 336
122 335
121 335
120 335
119 335
119 334
118 334
117 334
117 333
116 333
115 333
114 333
114 332
113 332
112 332
112 331
111 331
110 331
109 331
108 331
108 330
107 330
106 330
105 330
105 329
104 329
103 329
102 329
102 328
101 328
100 328
99 328
98 328
98 327
97 327
96 327
95 327
94 327
93 327
93 326
92 326
92 327
91 327
91 326
90 326
89 326
88 326
87 326
86 326
85 326
84 326
83 326
82 326
82 325
81 325
80 325
80 326
79 326
78 326
77 326
77 325
76 325
76 326
75 326
74 326
73 326
72 326
72 327
71 327
70 327
69 327
68 327
67 327
67 328
66 328
65 328
64 328
64 329
63 329
62 329
62 330
61 330
61 331
60 331
60 332
59 332
58 332
58 333
57 333
57 334
56 334
56 335
55 335
55 336
54 336
54 337
53 337
53 338
52 338
52 339
52 340
52 341
51 341
51 342
50 342
50 343
50 344
49 344
49 345
49 346
49 347
49 348
49 349
48 349
48 350
48 351
48 352
48 353
48 354
48 355
48 356
48 357
48 358
48 359
48 0
48 1
48 2
48 3
49 3
49 4
49 5
49 6
49 7
49 8
49 9
50 9
50 10
50 11
51 11
51 12
52 12
52 13
52 14
52 15
53 15
54 15
54 16
54 17
55 17
55 18
56 18
57 18
57 19
58 19
58 20
59 20
59 21
60 21
61 21
62 21
62 22
63 22
64 22
65 22
65 23
66 23
67 23
68 23
69 23
70 23
71 23
72 23
73 23
74 23
74 24
75 24
75 23
76 23
77 23
78 23
79 23
80 23
80 22
81 22
82 22
83 22
84 22
85 22
86 22
87 22
87 21
88 21
88 20
89 20
90 20
90 19
91 19
92 19
92 18
92 17
93 17
94 17
94 16
95 16
95 15
95 14
95 13
96 13
96 12
96 11
96 10
96 9
95 9
95 8
94 8
94 7
93 7
92 7
92 6
91 6
90 6
90 5
89 5
89 4
88 4
87 4
87 3
86 3
86 2
85 2
84 2
84 1
83 1
83 0
82 0
82 359
81 359
81 358
81 357
81 356
81 355
81 354
81 353
81 352
81 351
82 351
83 351
83 350
84 350
84 349
85 349
85 348
86 348
86 347
87 347
88 347
89 347
89 346
90 346
91 346
92 346
92 345
93 345
94 345
95 345
96 345
97 345
98 345
99 345
99 346
100 346
101 346
102 346
103 346
104 346
105 346
105 347
106 347
107 347
108 347
108 348
109 348
110 348
110 349
111 349
112 349
112 350
113 350
114 350
114 351
115 351
115 352
116 352
116 353
117 353
117 354
118 354
118 355
119 355
119 356
120 356
121 356
121 357
121 358
122 358
122 359
123 359
123 0
124 0
124 1
125 1
125 2
125 3
126 3
126 4
126 5
126 6
127 6
127 7
128 7
128 8
128 9
128 10
128 11
128 12
129 12
129 13
128 13
128 14
129 14
129 15
128 15
128 16
128 17
128 18
128 19
127 19
127 20
126 20
126 21
126 22
126 23
125 23
125 24
124 24
124 25
124 26
123 26
123 27
123 28
122 28
121 28
121 29
120 29
120 30
119 30
119 31
118 31
118 32
117 32
117 33
116 33
116 34
115 34
115 35
114 35
113 35
113 36
112 36
112 37
111 37
111 38
110 38
109 38
109 39
108 39
108 40
107 40
106 40
105 40
105 41
104 41
103 41
103 42
102 42
101 42
101 43
100 43
99 43
99 44
98 44
97 44
97 45
96 45
95 45
94 45
94 46
93 46
92 46
91 46
91 47
90 47
89 47
88 47
88 48
87 48
86 48
86 49
85 49
84 49
83 49
82 49
82 50
81 50
80 50
79 50
79 51
78 51
77 51
76 51
75 51
74 51
74 52
73 52
72 52
71 52
71 53
70 53
69 53
68 53
67 53
66 53
65 53
65 54
64 54
63 54
62 54
61 54
60 54
60 55
59 55
58 55
57 55
56 55
55 55
54 55
53 55
52 55
51 55
50 55
49 55
48 55
47 55
46 55
45 55
44 55
43 55
42 55
41 55
41 54
40 54
39 54
38 54
37 54
37 53
36 53
35 53
35 52
34 52
33 52
32 52
32 51
31 51
30 51
30 50
29 50
28 50
28 49
27 49
27 48
26 48
25 48
25 47
25 46
24 46
24 45
23 45
22 45
22 44
22 43
22 42
22 41
21 41
20 41
20 40
20 39
19 39
19 38
19 37
18 37
18 36
18 35
18 34
17 34
16 34
16 33
16 32
16 31
16 30
16 29
16 28
15 28
15 27
15 26
15 25
15 24
15 23
15 22
15 21
15 20
14 20
13 20
13 19
13 18
13 17
14 17
14 16
13 16
13 15
13 14
13 13
13 12
13 11
13 10
14 10
14 9
13 9
13 8
13 7
13 6
14 6
15 6
15 5
14 5
13 5
13 4
13 3
13 2
14 2
15 2
16 2
17 2
18 2
18 1
17 1
16 1
15 1
14 1
13 1
13 0
14 0
15 0
16 0
17 0
18 0
19 0
20 0
21 0
22 0
23 0
24 0
25 0
26 0
27 0
27 359
26 359
25 359
24 359
23 359
22 359
21 359
20 359
19 359
18 359
18 358
17 358
16 358
15 358
14 358
13 358
13 357
13 356
13 355
14 355
15 355
15 354
14 354
13 354
13 353
13 352
13 351
14 351
14 350
13 350
13 349
12 349
12 348
12 347
12 346
12 345
12 344
12 343
13 343
13 342
12 342
12 341
12 340
12 339
13 339
14 339
14 338
13 338
13 337
13 336
13 335
13 334
13 333
13 332
14 332
14 331
14 330
14 329
14 328
14 327
14 326
15 326
15 325
15 324
15 323
16 323
16 322
17 322
17 321
17 320
17 319
17 318
18 318
18 317
18 316
18 315
19 315
19 314
19 313
19 312
20 312
20 311
20 310
21 310
21 309
21 308
22 308
22 307
23 307
24 307
24 306
25 306
25 305
26 305
26 304
26 303
26 302
27 302
28 302
29 302
29 301
30 301
31 301
32 301
32 300
33 300
33 299
34 299
35 299
36 299
36 298
37 298
38 298
39 298
40 298
41 298
41 297
42 297
43 297
44 297
45 297
46 297
47 297
48 297
48 298
49 298
50 298
51 298
52 298
52 297
53 297
54 297
54 298
55 298
56 298
57 298
58 298
59 298
60 298
61 298
62 298
63 298
64 298
65 298
65 299
66 299
67 299
67 298
68 298
68 299
69 299
70 299
71 299
72 299
72 300
73 300
74 300
75 300
75 299
76 299
76 300
77 300
78 300
79 300
80 300
81 300
82 300
83 300
83 301
84 301
85 301
86 301
87 301
88 301
89 301
90 301
90 302
91 302
92 302
93 302
94 302
95 302
96 302
97 302
98 302
99 302
100 302
101 302
102 302
102 301
103 301
104 301
105 301
105 300
106 300
107 300
107 299
108 299
108 298
109 298
109 297
110 297
110 296
110 295
111 295
112 295
112 294
113 294
113 293
114 293
114 292
115 292
115 291
116 291
117 291
117 290
118 290
118 289
119 289
119 288
120 288
121 288
121 287
122 287
123 287
123 286
124 286
125 286
125 285
126 285
126 284
127 284
128 284
129 284
129 283
130 283
131 283
132 283
132 282
133 282
134 282
134 281
135 281
136 281
137 281
137 280
138 280
139 280
140 280
141 280
142 280
142 279
143 279
144 279
145 279
146 279
146 278
147 278
148 278
149 278
149 277
150 277
151 277
152 277
153 277
154 277
155 277
156 277
156 276
157 276
158 276
159 276
160 276
161 276
162 276
163 276
164 276
165 276
166 276
167 276
168 276
169 276
169 275
170 275
171 275
172 275
173 275
174 275
175 275
176 275
177 275
178 275
179 275
180 275
181 275
182 275
183 275
184 275
185 275
186 275
187 275
188 275
189 275
190 275
191 275
192 275
193 275
194 275
195 275
196 275
197 275
198 275
199 275
200 275
201 275
202 275
203 275
203 276
204 276
205 276
206 276
207 276
208 276
209 276
210 276
211 276
212 276
213 276
214 276
215 276
216 276
216 277
217 277
218 277
219 277
220 277
221 277
222 277
223 277
224 277
225 277
226 277
227 277
227 278
228 278
228 277
229 277
229 278
230 278
231 278
232 278
233 278
234 278
235 278
236 278
237 278
237 279
238 279
239 279
240 279
241 279
242 279
243 279
244 279
244 280
245 280
246 280
247 280
248 280
249 280
250 280
251 280
252 280
252 281
253 281
254 281
255 281
256 281
257 281
258 281
258 282
259 282
260 282
261 282
262 282
263 282
263 283
264 283
265 283
266 283
267 283
268 283
269 283
270 283
270 284
271 284
272 284
273 284
274 284
274 285
275 285
276 285
277 285
278 285
279 285
279 286
280 286
281 286
282 286
283 286
283 287
284 287
285 287
286 287
287 287
287 288
288 288
289 288
290 288
290 289
291 289
292 289
293 289
293 290
294 290
295 290
296 290
297 290
297 291
298 291
299 291
299 292
300 292
301 292
302 292
302 293
303 293
304 293
304 294
305 294
306 294
306 295
307 295
308 295
308 296
309 296
310 296
310 297
311 297
311 298
312 298
312 299
313 299
313 300
313 301
313 302
313 303
313 304
312 304
312 305
311 305
311 306
310 306
310 307
309 307
308 307
308 308
307 308
307 309
306 309
305 309
305 310
304 310
303 310
303 311
302 311
301 311
300 311
300 312
299 312
298 312
297 312
297 313
296 313
295 313
294 313
294 314
293 314
292 314
291 314
290 314
290 315
289 315
288 315
288 316
287 316
286 316
285 316
284 316
284 317
283 317
282 317
281 317
280 317
280 318
279 318
278 318
277 318
276 318
275 318
275 319
274 319
273 319
272 319
271 319
270 319
270 320
269 320
268 320
267 320
266 320
265 320
264 320
263 320
263 321
262 321
261 321
260 321
259 321
258 321
257 321
257 322
256 322
255 322
254 322
253 322
252 322
251 322
250 322
249 322
248 322
248 323
247 323
246 323
245 323
244 323
243 323
242 323
241 323
240 323
239 323
238 323
237 323
236 323
236 324
235 324
234 324
233 324
232 324
231 324
230 324
229 324
228 324
227 324
226 324
225 324
224 324
223 324
222 324
221 324
220 324
219 324
218 324
217 324
216 324
215 324
214 324
213 324
212 324
211 324
210 324
209 324
208 324
207 324
206 324
205 324
204 324
203 324
203 323
202 323
202 324
201 324
201 323
200 323
199 323
198 323
197 323
196 323
195 323
194 323
193 323
192 323
192 322
191 322
190 322
189 322
188 322
187 322
186 322
186 321
185 321
184 321
183 321
182 321
181 321
181 320
180 320
179 320
178 320
177 320
177 319
176 319
175 319
175 318
174 318
173 318
172 318
172 317
171 317
170 317
170 316
169 316
168 316
168 315
167 315
167 314
166 314
166 313
165 313
165 312
164 312
164 311
164 310
164 309
163 309
163 308
164 308
164 307
164 306
164 305
165 305
165 304
166 304
166 303
167 303
167 302
168 302
169 302
169 301
170 301
171 301
171 300
172 300
173 300
173 299
174 299
175 299
176 299
176 298
177 298
178 298
179 298
179 297
180 297
181 297
182 297
182 296
183 296
184 296
185 296
186 296
187 296
187 295
188 295
189 295
190 295
191 295
192 295
193 295
193 294
194 294
195 294
196 294
197 294
198 294
199 294
200 294
201 294
202 294
203 294
203 293
204 293
205 293
206 293
207 293
208 293
209 293
210 293
211 293
212 293
213 293
214 293
215 293
216 293
217 293
218 293
219 293
220 293
221 293
221 294
222 294
222 293
223 293
223 294
224 294
225 294
226 294
227 294
228 294
229 294
230 294
231 294
231 295
232 295
233 295
234 295
235 295
236 295
237 295
238 295
238 296
239 296
240 296
241 296
242 296
242 297
243 297
244 297
245 297
246 297
246 298
247 298
248 298
249 298
250 298
250 299
251 299
252 299
253 299
254 299
254 300
255 300
255 301
256 301
257 301
257 302
257 303
257 304
256 304
256 305
255 305
254 305
254 306
253 306
252 306
251 306
250 306
250 307
249 307
248 307
247 307
246 307
245 307
244 307
243 307
242 307
241 307
240 307
239 307
238 307
237 307
237 308
236 308
236 307
235 307
234 307
233 307
232 307
231 307
230 307
229 307
228 307
227 307
226 307
225 307
225 306
224 306
223 306
222 306
221 306
221 305
220 305
219 305
218 305
217 305
217 304
216 304
215 304
214 304
213 304
213 303
212 303
211 303
210 303
209 303
208 303
207 303
206 303
205 303
204 303
203 303
202 303
201 303
201 304
200 304
199 304
198 304
197 304
196 304
196 305
195 305
195 306
194 306
194 307
194 308
194 309
195 309
195 310
196 310
197 310
197 311
198 311
199 311
200 311
200 312
201 312
202 312
203 312
203 313
204 313
205 313
206 313
207 313
208 313
209 313
209 314
210 314
210 313
211 313
211 314
212 314
213 314
214 314
215 314
216 314
217 314
218 314
219 314
220 314
221 314
222 314
223 314
224 314
225 314
226 314
227 314
228 314
229 314
230 314
231 314
232 314
233 314
234 314
235 314
236 314
237 314
238 314
239 314
239 313
240 313
241 313
242 313
243 313
244 313
245 313
246 313
247 313
248 313
249 313
249 312
250 312
250 313
251 313
251 312
252 312
253 312
254 312
255 312
256 312
257 312
257 311
258 311
259 311
260 311
261 311
262 311
262 310
263 310
264 310
265 310
266 310
267 310
267 309
268 309
269 309
270 309
270 308
271 308
272 308
273 308
273 307
274 307
275 307
275 306
276 306
277 306
278 306
278 305
278 304
279 304
279 303
280 303
280 302
281 302
281 301
280 301
280 300
280 299
279 299
279 298
278 298
278 297
277 297
277 296
276 296
275 296
274 296
274 295
273 295
272 295
272 294
271 294
270 294
269 294
269 293
268 293
267 293
266 293
265 293
265 292
264 292
263 292
262 292
261 292
261 291
260 291
259 291
258 291
257 291
256 291
255 291
255 290
254 290
253 290
252 290
251 290
250 290
250 289
249 289
248 289
247 289
246 289
245 289
244 289
243 289
243 288
242 288
241 288
240 288
239 288
238 288
237 288
236 288
235 288
235 287
234 287
233 287
232 287
231 287
230 287
229 287
228 287
227 287
226 287
226 286
225 286
224 286
223 286
222 286
221 286
220 286
219 286
218 286
217 286
216 286
215 286
214 286
214 285
213 285
212 285
212 286
211 286
211 285
210 285
209 285
208 285
207 285
206 285
205 285
204 285
203 285
202 285
201 285
200 285
199 285
198 285
197 285
196 285
195 285
194 285
193 285
192 285
191 285
190 285
189 285
188 285
187 285
186 285
185 285
185 286
184 286
183 286
182 286
181 286
180 286
179 286
178 286
177 286
177 287
176 287
175 287
174 287
173 287
172 287
171 287
171 288
170 288
169 288
168 288
167 288
166 288
165 288
165 289
164 289
163 289
162 289
161 289
161 290
160 290
159 290
158 290
157 290
157 291
156 291
156 292
155 292
154 292
153 292
153 293
152 293
151 293
151 294
150 294
149 294
149 295
148 295
147 295
147 296
146 296
145 296
145 297
145 298
144 298
144 299
143 299
142 299
142 300
142 301
141 301
141 302
141 303
141 304
140 304
140 305
140 306
140 307
140 308
140 309
140 310
140 311
141 311
141 312
141 313
141 314
141 315
142 315
142 316
143 316
143 317
143 318
144 318
144 319
144 320
145 320
145 321
146 321
146 322
147 322
147 323
147 324
148 324
148 325
149 325
150 325
150 326
150 327
151 327
151 328
152 328
152 329
153 329
153 330
154 330
154 331
155 331
155 332
156 332
157 332
157 333
157 334
158 334
159 334
159 335
160 335
160 336
161 336
161 337
162 337
162 338
163 338
164 338
164 339
165 339
165 340
166 340
167 340
167 341
168 341
168 342
169 342
170 342
170 343
171 343
171 344
172 344
172 345
173 345
174 345
174 346
175 346
175 347
176 347
176 348
177 348
178 348
178 349
178 350
179 350
180 350
180 351
181 351
181 352
182 352
182 353
183 353
183 354
183 355
184 355
185 355
185 356
185 357
186 357
186 358
187 358
187 359
187 0
187 1
188 1
188 2
188 3
188 4
188 5
188 6
188 7
188 8
189 8
189 9
189 10
189 11
189 12
189 13
189 14
189 15
189 16
189 17
189 18
189 19
189 20
189 21
190 21
190 22
190 23
190 24
190 25
190 26
190 27
190 28
190 29
190 30
191 30
191 31
191 32
191 33
191 34
191 35
192 35
192 36
192 37
192 38
193 38
193 39
193 40
194 40
194 41
194 42
195 42
195 43
196 43
196 44
196 45
197 45
197 46
197 47
198 47
198 48
199 48
199 49
200 49
200 50
201 50
201 51
202 51
202 52
203 52
203 53
204 53
205 53
205 54
206 54
206 55
207 55
207 56
208 56
209 56
209 57
209 58
210 58
211 58
211 59
212 59
213 59
213 60
214 60
214 61
215 61
216 61
216 62
217 62
218 62
218 63
219 63
220 63
220 64
221 64
222 64
222 65
223 65
223 66
224 66
225 66
225 67
226 67
227 67
227 68
228 68
229 68
230 68
230 69
231 69
231 70
232 70
233 70
234 70
234 71
235 71
236 71
236 72
237 72
238 72
239 72
239 73
240 73
240 74
240 75
240 76
240 77
239 77
239 78
238 78
237 78
237 79
236 79
235 79
235 80
234 80
233 80
232 80
232 81
231 81
230 81
230 82
229 82
229 83
228 83
227 83
226 83
226 84
225 84
224 84
224 85
223 85
222 85
222 86
221 86
220 86
220 87
219 87
218 87
218 88
217 88
217 89
216 89
215 89
215 90
214 90
213 90
213 91
212 91
212 92
211 92
210 92
210 93
209 93
209 94
208 94
207 94
207 95
206 95
206 96
205 96
205 97
204 97
204 98
203 98
203 99
202 99
202 100
201 100
201 101
200 101
199 101
199 102
199 103
198 103
198 104
197 104
197 105
197 106
196 106
196 107
195 107
195 108
195 109
194 109
194 110
194 111
193 111
193 112
193 113
193 114
192 114
192 115
192 116
191 116
191 117
192 117
192 118
191 118
191 119
191 120
191 121
191 122
191 123
190 123
190 124
190 125
190 126
190 127
190 128
190 129
190 130
190 131
190 132
190 133
189 133
189 134
189 135
189 136
189 137
190 137
190 138
190 139
189 139
189 140
190 140
190 141
190 142
189 142
189 143
189 144
189 145
189 146
189 147
188 147
188 148
188 149
187 149
187 150
187 151
187 152
186 152
186 153
186 154
185 154
185 155
184 155
184 156
183 156
183 157
182 157
182 158
182 159
181 159
181 160
180 160
179 160
179 161
178 161
178 162
177 162
177 163
176 163
175 163
175 164
174 164
174 165
173 165
173 166
172 166
172 167
171 167
170 167
170 168
169 168
169 169
168 169
168 170
167 170
166 170
166 171
165 171
165 172
164 172
163 172
163 173
162 173
162 174
161 174
160 174
160 175
160 176
159 176
159 177
158 177
158 178
157 178
156 178
156 179
155 179
155 180
154 180
154 181
153 181
153 182
152 182
152 183
151 183
151 184
150 184
150 185
149 185
149 186
148 186
148 187
147 187
147 188
146 188
146 189
145 189
145 190
145 191
144 191
144 192
144 193
143 193
143 194
143 195
142 195
142 196
142 197
142 198
141 198
141 199
141 200
141 201
141 202
141 203
141 204
141 205
141 206
141 207
141 208
142 208
142 209
143 209
143 210
143 211
144 211
145 211
145 212
145 213
146 213
147 213
147 214
148 214
148 215
149 215
150 215
150 216
151 216
151 217
152 217
153 217
153 218
154 218
155 218
156 218
156 219
157 219
158 219
159 219
159 220
160 220
161 220
162 220
162 221
163 221
164 221
165 221
166 221
166 222
167 222
168 222
169 222
170 222
171 222
172 222
172 223
173 223
174 223
175 223
176 223
177 223
178 223
179 223
179 224
180 224
181 224
182 224
183 224
184 224
185 224
186 224
187 224
188 224
189 224
190 224
190 225
191 225
191 224
192 224
193 224
193 225
194 225
194 224
195 224
195 225
196 225
197 225
198 225
199 225
200 225
201 225
202 225
203 225
204 225
205 225
206 225
206 224
207 224
207 225
208 225
208 224
209 224
210 224
210 225
211 225
211 224
212 224
213 224
214 224
215 224
216 224
217 224
218 224
219 224
220 224
221 224
222 224
223 224
224 224
225 224
225 223
226 223
227 223
228 223
229 223
230 223
231 223
232 223
233 223
234 223
235 223
235 222
236 222
237 222
238 222
239 222
240 222
241 222
242 222
242 221
243 221
243 222
244 222
244 221
245 221
246 221
247 221
248 221
249 221
250 221
250 220
251 220
252 220
253 220
254 220
255 220
255 219
256 219
257 219
258 219
259 219
260 219
261 219
261 218
262 218
263 218
264 218
265 218
265 217
266 217
267 217
268 217
269 217
269 216
270 216
271 216
272 216
272 215
273 215
274 215
274 214
275 214
276 214
276 213
277 213
278 213
278 212
279 212
280 212
280 211
280 210
281 210
281 209
281 208
281 207
280 207
280 206
279 206
279 205
278 205
278 204
277 204
277 203
276 203
275 203
274 203
274 202
273 202
272 202
271 202
271 201
270 201
269 201
268 201
268 200
267 200
266 200
265 200
264 200
263 200
263 199
262 199
261 199
260 199
259 199
258 199
258 198
257 198
256 198
255 198
254 198
253 198
252 198
251 198
251 197
250 197
249 197
248 197
247 197
246 197
245 197
244 197
243 197
242 197
241 197
241 196
240 196
239 196
238 196
237 196
236 196
235 196
234 196
233 196
232 196
231 196
230 196
229 196
228 196
227 196
226 196
225 196
224 196
223 196
222 196
221 196
220 196
219 196
218 196
217 196
216 196
215 196
214 196
213 196
212 196
211 196
210 196
209 196
209 197
208 197
207 197
206 197
205 197
204 197
203 197
203 198
202 198
201 198
200 198
200 199
199 199
198 199
197 199
197 200
196 200
195 200
195 201
195 202
194 202
194 203
194 204
195 204
195 205
196 205
197 205
198 205
198 206
199 206
200 206
201 206
202 206
203 206
204 206
204 207
205 207
206 207
207 207
208 207
209 207
210 207
211 207
212 207
212 206
213 206
214 206
215 206
216 206
217 206
217 205
218 205
219 205
220 205
221 205
221 204
222 204
223 204
224 204
225 204
225 203
226 203
227 203
228 203
229 203
230 203
231 203
232 203
233 203
234 203
235 203
236 203
237 203
238 203
239 203
239 202
240 202
240 203
241 203
242 203
243 203
244 203
245 203
246 203
247 203
248 203
249 203
250 203
251 203
251 204
252 204
253 204
254 204
254 205
255 205
256 205
257 205
257 206
257 207
257 208
257 209
256 209
256 210
255 210
254 210
253 210
253 211
252 211
251 211
250 211
250 212
249 212
248 212
247 212
247 213
246 213
245 213
244 213
243 213
242 213
242 214
241 214
240 214
239 214
238 214
237 214
237 215
236 215
235 215
234 215
233 215
232 215
231 215
230 215
230 216
229 216
228 216
227 216
226 216
225 216
224 216
223 216
222 216
221 216
220 216
219 216
219 217
218 217
217 217
216 217
215 217
214 217
213 217
212 217
211 217
210 217
209 217
208 217
207 217
206 217
205 217
204 217
204 216
203 216
202 216
201 216
200 216
199 216
198 216
197 216
196 216
195 216
194 216
194 215
193 215
192 215
191 215
190 215
189 215
188 215
188 214
187 214
186 214
185 214
184 214
183 214
183 213
182 213
181 213
180 213
179 213
179 212
178 212
177 212
176 212
176 211
175 211
174 211
174 210
173 210
172 210
171 210
171 209
170 209
170 208
169 208
168 208
168 207
167 207
167 206
166 206
166 205
165 205
165 204
165 203
164 203
164 202
164 201
164 200
164 199
165 199
165 198
165 197
166 197
166 196
167 196
167 195
168 195
169 195
169 194
170 194
171 194
171 193
172 193
172 192
173 192
174 192
174 191
175 191
176 191
177 191
177 190
178 190
179 190
180 190
181 190
182 190
182 189
183 189
184 189
185 189
186 189
186 188
187 188
188 188
189 188
190 188
191 188
192 188
193 188
193 187
194 187
195 187
196 187
197 187
198 187
199 187
200 187
201 187
202 187
203 187
204 187
204 186
205 186
206 186
207 186
208 186
209 186
210 186
211 186
212 186
213 186
214 186
215 186
216 186
217 186
218 186
219 186
220 186
221 186
222 186
223 186
224 186
225 186
226 186
227 186
228 186
229 186
230 186
231 186
232 186
233 186
234 186
235 186
235 187
236 187
236 186
237 186
237 187
238 187
239 187
240 187
241 187
242 187
243 187
244 187
245 187
246 187
247 187
248 187
248 188
249 188
250 188
251 188
252 188
253 188
254 188
255 188
256 188
257 188
258 188
258 189
259 189
260 189
261 189
262 189
263 189
264 189
265 189
266 189
266 190
267 190
268 190
269 190
270 190
270 191
271 191
272 191
273 191
274 191
275 191
276 191
277 191
277 192
278 192
279 192
280 192
281 192
281 193
282 193
283 193
284 193
285 193
286 193
286 194
287 194
288 194
289 194
289 195
290 195
291 195
292 195
292 196
293 196
294 196
295 196
295 197
296 197
297 197
298 197
298 198
299 198
300 198
301 198
302 198
302 199
303 199
304 199
304 200
305 200
306 200
306 201
307 201
308 201
308 202
309 202
309 203
310 203
310 204
311 204
312 204
312 205
313 205
313 206
313 207
314 207
-2 -2
